5.1 0.095622533
5.2 0.096980497
5.3 0.098338629
5.4 0.09969779
5.5 0.10106104
5.6 0.10243614
5.7 0.10380624
5.8 0.10518851
5.9 0.1065697
6 0.10795172
6.1 0.10933503
6.2 0.11073521
6.3 0.11211011
6.4 0.1135199
6.5 0.1149179
6.6 0.11631091
6.7 0.11771076
6.8 0.11911592
6.9 0.12051758
7 0.12192054
7.1 0.12332661
7.2 0.12471504
7.3 0.12613062
7.4 0.1275326
7.5 0.12893869
7.6 0.13032884
7.7 0.13173549
7.8 0.13313475
7.9 0.13454918
8 0.13593882
8.1 0.13734371
8.2 0.13873857
8.3 0.14011546
8.4 0.14149795
8.5 0.1429052
8.6 0.14427939
8.7 0.14566229
8.8 0.14703515
8.9 0.14841461
9 0.14978394
9.1 0.15116295
9.2 0.15252993
9.3 0.15388857
9.4 0.15524372
9.5 0.15660476
9.6 0.15795017
9.7 0.1593118
9.8 0.16064313
9.9 0.16198598
10 0.16333132
10.1 0.16467
10.2 0.16597977
10.3 0.1673243
10.4 0.16863883
10.5 0.16994974
10.6 0.17127304
10.7 0.17258765
10.8 0.17388235
10.9 0.17519481
11 0.17648716
11.1 0.17778634
11.2 0.17907864
11.3 0.18036614
11.4 0.18164869
11.5 0.18294438
11.6 0.18421455
11.7 0.18548591
11.8 0.18676608
11.9 0.18803604
12 0.18930868
12.1 0.19057616
12.2 0.19183115
12.3 0.19309812
12.4 0.19434967
12.5 0.19560044
12.6 0.19684183
12.7 0.19810615
12.8 0.19934249
12.9 0.20059196
13 0.20182735
13.1 0.20306922
13.2 0.2042984
13.3 0.20553024
13.4 0.20676447
13.5 0.20798826
13.6 0.20921637
13.7 0.21044658
13.8 0.21166539
13.9 0.21288261
14 0.21409656
14.1 0.21530637
14.2 0.21652567
14.3 0.21772966
14.4 0.21893372
14.5 0.22014288
14.6 0.22133511
14.7 0.22253819
14.8 0.22373724
14.9 0.22491392
15 0.22611252
15.1 0.2273065
15.2 0.22847589
15.3 0.22965844
15.4 0.23083681
15.5 0.23201876
15.6 0.23318733
15.7 0.23435903
15.8 0.23553532
15.9 0.23669453
16 0.23785303
16.1 0.23901202
16.2 0.24017017
16.3 0.24132273
16.4 0.24246934
16.5 0.2436038
16.6 0.24474741
16.7 0.2458886
16.8 0.24701307
16.9 0.24816186
17 0.24928249
17.1 0.25040344
17.2 0.25151645
17.3 0.25264711
17.4 0.25375841
17.5 0.25487253
17.6 0.25598272
17.7 0.25709175
17.8 0.25818458
17.9 0.25928492
18 0.26037169
18.1 0.2614703
18.2 0.26255943
18.3 0.26364264
18.4 0.26472738
18.5 0.26579753
18.6 0.26686996
18.7 0.26793854
18.8 0.26900852
18.9 0.2700627
19 0.27113523
19.1 0.27218986
19.2 0.27324445
19.3 0.27429453
19.4 0.27534321
19.5 0.27637811
19.6 0.27742345
19.7 0.27846617
19.8 0.27949755
19.9 0.28053389
20 0.28156175
20.1 0.28258493
20.2 0.28361544
20.3 0.28462098
20.4 0.28563429
20.5 0.28665614
20.6 0.2876637
20.7 0.2886686
20.8 0.28967347
20.9 0.29066628
21 0.29166484
21.1 0.29266898
21.2 0.29365228
21.3 0.29464685
21.4 0.29562796
21.5 0.29661359
21.6 0.29758158
21.7 0.29856188
21.8 0.29953999
21.9 0.30050763
22 0.30147815
22.1 0.30243829
22.2 0.30340108
22.3 0.30436991
22.4 0.30531892
22.5 0.30627224
22.6 0.30722365
22.7 0.30817705
22.8 0.30911571
22.9 0.31006719
23 0.311007
23.1 0.31194011
23.2 0.3128803
23.3 0.31382067
23.4 0.31474273
23.5 0.3156866
23.6 0.31660717
23.7 0.3175325
23.8 0.31845062
23.9 0.31937702
24 0.32029633
24.1 0.32120558
24.2 0.32211817
24.3 0.32303244
24.4 0.32394273
24.5 0.32484532
24.6 0.32575756
24.7 0.32665841
24.8 0.32755537
24.9 0.32845323
25 0.32935339
25.1 0.330248
25.2 0.33113067
25.3 0.33203378
25.4 0.33292183
25.5 0.33380716
25.6 0.33469585
25.7 0.33558012
25.8 0.33645817
25.9 0.33734142
26 0.33821634
26.1 0.33909265
26.2 0.33997169
26.3 0.34084544
26.4 0.34171123
26.5 0.34258393
26.6 0.34344896
26.7 0.34431553
26.8 0.34518523
26.9 0.34605662
27 0.34690124
27.1 0.34776862
27.2 0.34861347
27.3 0.34947444
27.4 0.3503338
27.5 0.35118309
27.6 0.35203895
27.7 0.35289569
27.8 0.35373578
27.9 0.35458301
28 0.35542585
28.1 0.35627447
28.2 0.35710588
28.3 0.35795774
28.4 0.3587915
28.5 0.35963011
28.6 0.36046115
28.7 0.36128724
28.8 0.36212156
28.9 0.36295511
29 0.36378392
29.1 0.36460414
29.2 0.36542454
29.3 0.36624205
29.4 0.36706136
29.5 0.36787724
29.6 0.36870189
29.7 0.3695027
29.8 0.37030735
29.9 0.37112036
30 0.37192852
30.1 0.37273431
30.2 0.3735431
30.3 0.37433927
30.4 0.3751309
30.5 0.37593125
30.6 0.3767211
30.7 0.37752758
30.8 0.37830595
30.9 0.37910355
31 0.37989179
31.1 0.38067221
31.2 0.3814539
31.3 0.38223866
31.4 0.38301375
31.5 0.38379257
31.6 0.38457778
31.7 0.38534672
31.8 0.3861168
31.9 0.38688888
32 0.38765581
32.1 0.38842176
32.2 0.38918548
32.3 0.38994988
32.4 0.39071226
32.5 0.39146921
32.6 0.39222613
32.7 0.39298504
32.8 0.39373343
32.9 0.3944918
33 0.39523194
33.1 0.39598627
33.2 0.39673184
33.3 0.39746316
33.4 0.39821192
33.5 0.39895694
33.6 0.39968716
33.7 0.40043401
33.8 0.40116907
33.9 0.40190169
34 0.40263355
34.1 0.40335815
34.2 0.40408685
34.3 0.40481782
34.4 0.40552937
34.5 0.4062579
34.6 0.40698182
34.7 0.40770802
34.8 0.40841429
34.9 0.4091371
35 0.40984808
35.1 0.41055261
35.2 0.41126943
35.3 0.41197863
35.4 0.41268248
35.5 0.41338943
35.6 0.41408907
35.7 0.41478627
35.8 0.41549494
35.9 0.41618592
36 0.41688387
36.1 0.41757771
36.2 0.41827185
36.3 0.41896654
36.4 0.4196567
36.5 0.42033879
36.6 0.42102857
36.7 0.42171163
36.8 0.42239583
36.9 0.42307527
37 0.42375056
37.1 0.42443341
37.2 0.42510752
37.3 0.42578202
37.4 0.42645164
37.5 0.42712504
37.6 0.42779625
37.7 0.42845704
37.8 0.42912081
37.9 0.42980338
38 0.43045234
38.1 0.43112088
38.2 0.43177749
38.3 0.43243564
38.4 0.43309025
38.5 0.43374961
38.6 0.43440501
38.7 0.43505732
38.8 0.4357073
38.9 0.43636501
39 0.43700484
39.1 0.43765307
39.2 0.43829683
39.3 0.43895004
39.4 0.43958859
39.5 0.4402294
39.6 0.44086369
39.7 0.4415077
39.8 0.44214515
39.9 0.44277816
40 0.44341255
40.1 0.44405265
40.2 0.44468444
40.3 0.44531097
40.4 0.44594614
40.5 0.44656829
40.6 0.44719522
40.7 0.44782158
40.8 0.44844391
40.9 0.4490772
41 0.44969886
41.1 0.45031538
41.2 0.45093555
41.3 0.4515547
41.4 0.45217373
41.5 0.45279274
41.6 0.45340343
41.7 0.45401636
41.8 0.4546307
41.9 0.45524235
42 0.45584736
42.1 0.45646014
42.2 0.4570754
42.3 0.45766932
42.4 0.4582763
42.5 0.45888103
42.6 0.45948759
42.7 0.46007941
42.8 0.46068534
42.9 0.4612772
43 0.46188424
43.1 0.46247708
43.2 0.46306949
43.3 0.46366838
43.4 0.46425831
43.5 0.46485103
43.6 0.46544032
43.7 0.46602494
43.8 0.46660763
43.9 0.46720345
44 0.46777962
44.1 0.46836297
44.2 0.46895155
44.3 0.46953479
44.4 0.47010982
44.5 0.4706927
44.6 0.47126536
44.7 0.47184689
44.8 0.47242153
44.9 0.47300013
45 0.4735592
45.1 0.47413568
45.2 0.47470865
45.3 0.47528132
45.4 0.47584869
45.5 0.47641735
45.6 0.47697822
45.7 0.47755356
45.8 0.47810827
45.9 0.47866999
46 0.4792337
46.1 0.47979552
46.2 0.48034563
46.3 0.48091484
46.4 0.48146772
46.5 0.48203054
46.6 0.48258202
46.7 0.48313595
46.8 0.48368507
46.9 0.4842373
47 0.48479482
47.1 0.4853412
47.2 0.48589246
47.3 0.48643874
47.4 0.486986
47.5 0.48753383
47.6 0.48807375
47.7 0.48861876
47.8 0.48916267
47.9 0.48970123
48 0.49024483
48.1 0.49078139
48.2 0.49131865
48.3 0.49185783
48.4 0.4923967
48.5 0.49293783
48.6 0.49346521
48.7 0.49400366
48.8 0.49453227
48.9 0.49506406
49 0.49559347
49.1 0.49612951
49.2 0.49665533
49.3 0.49718556
49.4 0.49771297
49.5 0.49823883
49.6 0.49876484
49.7 0.49929013
49.8 0.49981238
49.9 0.50034063
50 0.50086248
50.1 0.50137685
50.2 0.50189915
50.3 0.50242042
50.4 0.50292968
50.5 0.50345761
50.6 0.5039721
50.7 0.5044899
50.8 0.5050057
50.9 0.50551614
51 0.50602614
51.1 0.50654677
51.2 0.50705576
51.3 0.50756037
51.4 0.50807549
51.5 0.5085869
51.6 0.50909126
51.7 0.50960004
51.8 0.51010165
51.9 0.5106119
52 0.51110931
52.1 0.5116174
52.2 0.51211293
52.3 0.51262032
52.4 0.51312166
52.5 0.51362026
52.6 0.51412018
52.7 0.51461655
52.8 0.51510924
52.9 0.51560737
53 0.51610517
53.1 0.51659918
53.2 0.51709084
53.3 0.51758337
53.4 0.51807134
53.5 0.51856622
53.6 0.51905558
53.7 0.51954522
53.8 0.52003857
53.9 0.52051418
54 0.52099846
54.1 0.52149305
54.2 0.52197463
54.3 0.52245512
54.4 0.52293191
54.5 0.52341781
54.6 0.52389621
54.7 0.52438113
54.8 0.52485891
54.9 0.52533617
55 0.52581092
55.1 0.52629239
55.2 0.52676332
55.3 0.52724269
55.4 0.52771701
55.5 0.52818827
55.6 0.52865874
55.7 0.52912796
55.8 0.52959903
55.9 0.53006581
56 0.53053465
56.1 0.53099831
56.2 0.53147053
56.3 0.53193918
56.4 0.53239431
56.5 0.5328622
56.6 0.53332762
56.7 0.53377853
56.8 0.5342512
56.9 0.53471042
57 0.53516753
57.1 0.53563042
57.2 0.53608431
57.3 0.53653972
57.4 0.53699915
57.5 0.53745385
57.6 0.53790758
57.7 0.53836354
57.8 0.53881854
57.9 0.53927081
58 0.53972292
58.1 0.54016572
58.2 0.54061639
58.3 0.54106516
58.4 0.54151826
58.5 0.5419541
58.6 0.54240686
58.7 0.54285553
58.8 0.54329534
58.9 0.54374058
59 0.54418306
59.1 0.54462776
59.2 0.54507271
59.3 0.5455083
59.4 0.54594241
59.5 0.54638424
59.6 0.54682024
59.7 0.54725879
59.8 0.54769383
59.9 0.54813365
60 0.54856741
60.1 0.54900183
60.2 0.54943041
60.3 0.54986287
60.4 0.55029782
60.5 0.5507212
60.6 0.55115445
60.7 0.55158542
60.8 0.55201035
60.9 0.55243867
61 0.55286764
61.1 0.55329244
61.2 0.55371398
61.3 0.55414701
61.4 0.55456697
61.5 0.55498823
61.6 0.55540497
61.7 0.55583288
61.8 0.5562492
61.9 0.55667568
62 0.5570894
62.1 0.55750773
62.2 0.55792057
62.3 0.55833818
62.4 0.55875261
62.5 0.55917461
62.6 0.55958194
62.7 0.55999352
62.8 0.56040089
62.9 0.56081512
63 0.56122648
63.1 0.56164204
63.2 0.56204939
63.3 0.56245664
63.4 0.56286155
63.5 0.56327292
63.6 0.56367409
63.7 0.56407888
63.8 0.56448825
63.9 0.5648896
64 0.56528995
64.1 0.56569451
64.2 0.56609469
64.3 0.56649961
64.4 0.56689392
64.5 0.567293
64.6 0.56768788
64.7 0.56809072
64.8 0.56848486
64.9 0.56887828
65 0.56927279
65.1 0.56966429
65.2 0.57006279
65.3 0.57045636
65.4 0.57084611
65.5 0.57123687
65.6 0.57162709
65.7 0.57201458
65.8 0.57240433
65.9 0.57279605
66 0.57317793
66.1 0.5735687
66.2 0.57395306
66.3 0.57433502
66.4 0.57472168
66.5 0.57510613
66.6 0.57547667
66.7 0.57586573
66.8 0.57624826
66.9 0.57662628
67 0.57700677
67.1 0.57738914
67.2 0.57775964
67.3 0.57814507
67.4 0.57851604
67.5 0.57889301
67.6 0.57926972
67.7 0.57963996
67.8 0.58001477
67.9 0.5803869
68 0.58075604
68.1 0.58113255
68.2 0.58149701
68.3 0.5818708
68.4 0.58223295
68.5 0.58260559
68.6 0.58297262
68.7 0.58333634
68.8 0.58369924
68.9 0.5840682
69 0.58442669
69.1 0.58479853
69.2 0.58515388
69.3 0.58551777
69.4 0.58588412
69.5 0.58624338
69.6 0.58659493
69.7 0.58696054
69.8 0.58731915
69.9 0.58767284
70 0.58802861
70.1 0.58838487
70.2 0.58873655
70.3 0.58909082
70.4 0.58944545
70.5 0.58979537
70.6 0.59014996
70.7 0.59049827
70.8 0.59085003
70.9 0.59119936
71 0.59154652
71.1 0.5918923
71.2 0.59224187
71.3 0.59258153
71.4 0.59293193
71.5 0.59327889
71.6 0.5936218
71.7 0.59396459
71.8 0.59430461
71.9 0.59464845
72 0.59498806
72.1 0.59532564
72.2 0.59566427
72.3 0.59600356
72.4 0.59634066
72.5 0.59667902
72.6 0.5970129
72.7 0.59734825
72.8 0.59768306
72.9 0.59801066
73 0.59834787
73.1 0.59867824
73.2 0.59901003
73.3 0.59933926
73.4 0.5996685
73.5 0.59999096
73.6 0.60032712
73.7 0.60065497
73.8 0.60097828
73.9 0.60130269
74 0.6016288
74.1 0.60194944
74.2 0.60227577
74.3 0.60259597
74.4 0.60291806
74.5 0.60324367
74.6 0.60355951
74.7 0.60387701
74.8 0.604198
74.9 0.60451571
75 0.6048367
75.1 0.60515223
75.2 0.60547088
75.3 0.60578963
75.4 0.60609801
75.5 0.60641445
75.6 0.60672351
75.7 0.60704418
75.8 0.60735994
75.9 0.60766412
76 0.60797302
76.1 0.6082906
76.2 0.60859618
76.3 0.60890617
76.4 0.60921735
76.5 0.60952157
76.6 0.60983453
76.7 0.61014146
76.8 0.61044015
76.9 0.61075313
77 0.61105344
77.1 0.61135932
77.2 0.61166464
77.3 0.61196473
77.4 0.61226392
77.5 0.61257233
77.6 0.61286762
77.7 0.61317165
77.8 0.6134757
77.9 0.61377117
78 0.61406981
78.1 0.61436801
78.2 0.61466657
78.3 0.61496359
78.4 0.61525994
78.5 0.61555891
78.6 0.61585219
78.7 0.61614957
78.8 0.61644758
78.9 0.61673888
79 0.61703108
79.1 0.61732848
79.2 0.61761379
79.3 0.61790903
79.4 0.6182023
79.5 0.61849077
79.6 0.61878315
79.7 0.61907594
79.8 0.61935964
79.9 0.61965225
80 0.61994092
80.1 0.62022775
80.2 0.6205136
80.3 0.62080405
80.4 0.62109019
80.5 0.62137739
80.6 0.62165853
80.7 0.62194674
80.8 0.62223398
80.9 0.62252004
81 0.62279446
81.1 0.62308339
81.2 0.62336328
81.3 0.62365061
81.4 0.62392804
81.5 0.62421179
81.6 0.6244863
81.7 0.62477255
81.8 0.62505232
81.9 0.625327
82 0.6256138
82.1 0.62589642
82.2 0.62617037
82.3 0.62645356
82.4 0.62672659
82.5 0.62700428
82.6 0.62727978
82.7 0.62756197
82.8 0.62782997
82.9 0.62811368
83 0.62838748
83.1 0.62866068
83.2 0.62893208
83.3 0.62920893
83.4 0.62948337
83.5 0.62975918
83.6 0.63002909
83.7 0.63029951
83.8 0.6305746
83.9 0.63084571
84 0.63111499
84.1 0.63138907
84.2 0.63166059
84.3 0.63193227
84.4 0.63220319
84.5 0.63247065
84.6 0.63273816
84.7 0.63301472
84.8 0.63327924
84.9 0.63355001
85 0.63381836
85.1 0.63408651
85.2 0.63435331
85.3 0.63462129
85.4 0.63488578
85.5 0.63515507
85.6 0.6354201
85.7 0.63568448
85.8 0.63594939
85.9 0.63622175
86 0.6364867
86.1 0.63674676
86.2 0.63701454
86.3 0.63728167
86.4 0.63754239
86.5 0.63780418
86.6 0.63807124
86.7 0.6383344
86.8 0.63859583
86.9 0.63885817
87 0.63912449
87.1 0.63938999
87.2 0.63965154
87.3 0.63991209
87.4 0.64017571
87.5 0.64043903
87.6 0.6406997
87.7 0.64096182
87.8 0.64122412
87.9 0.64148302
88 0.64174465
88.1 0.64200804
88.2 0.64226599
88.3 0.64252954
88.4 0.6427901
88.5 0.64305301
88.6 0.64331371
88.7 0.6435716
88.8 0.6438302
88.9 0.64408985
89 0.64435287
89.1 0.64460741
89.2 0.64486638
89.3 0.6451272
89.4 0.64538601
89.5 0.64564501
89.6 0.64590612
89.7 0.64615995
89.8 0.64642654
89.9 0.64668668
90 0.64693595
90.1 0.64719936
90.2 0.64746119
90.3 0.64771651
90.4 0.64797967
90.5 0.64824048
90.6 0.64850198
90.7 0.64876088
90.8 0.64901724
90.9 0.64927595
91 0.64954099
91.1 0.64980076
91.2 0.65005465
91.3 0.65031643
91.4 0.65058187
91.5 0.6508395
91.6 0.65109834
91.7 0.65136033
91.8 0.65161461
91.9 0.65187803
92 0.65213708
92.1 0.65239885
92.2 0.65266071
92.3 0.65291983
92.4 0.65317339
92.5 0.65344288
92.6 0.65370309
92.7 0.65396036
92.8 0.6542217
92.9 0.65448002
93 0.65473829
93.1 0.65499897
93.2 0.65525833
93.3 0.65551199
93.4 0.65577079
93.5 0.65602628
93.6 0.65628489
93.7 0.65654539
93.8 0.65679705
93.9 0.65705553
94 0.6573166
94.1 0.65756806
94.2 0.65782398
94.3 0.65808287
94.4 0.65833684
94.5 0.65858815
94.6 0.65884482
94.7 0.65910138
94.8 0.65935705
94.9 0.6596087
95 0.65986209
95.1 0.66011501
95.2 0.66036809
95.3 0.66062632
95.4 0.66087393
95.5 0.66112721
95.6 0.66138064
95.7 0.66163176
95.8 0.66188061
95.9 0.66213538
96 0.66238492
96.1 0.66263778
96.2 0.66288518
96.3 0.66313604
96.4 0.66338329
96.5 0.66363895
96.6 0.66388413
96.7 0.66413776
96.8 0.66438423
96.9 0.66463159
97 0.66488015
97.1 0.66512726
97.2 0.66537109
97.3 0.66562269
97.4 0.66586891
97.5 0.66611375
97.6 0.66636216
97.7 0.66660801
97.8 0.66685194
97.9 0.6671
98 0.6673433
98.1 0.66758852
98.2 0.66783421
98.3 0.66808127
98.4 0.66831869
98.5 0.66856497
98.6 0.66880752
98.7 0.6690551
98.8 0.66929439
98.9 0.66954088
99 0.66977741
99.1 0.67002433
99.2 0.67026633
99.3 0.67050874
99.4 0.67074607
99.5 0.67099185
99.6 0.67122377
99.7 0.67146774
99.8 0.6717113
99.9 0.67194842
100 0.67218904
