5 0.16997677
5.1 0.17192227
5.2 0.17390194
5.3 0.17587703
5.4 0.17784609
5.5 0.17981356
5.6 0.18179379
5.7 0.18375784
5.8 0.18573219
5.9 0.1876976
6 0.18965738
6.1 0.19160951
6.2 0.19358058
6.3 0.19550318
6.4 0.1974721
6.5 0.19941506
6.6 0.20134239
6.7 0.20327251
6.8 0.20520305
6.9 0.20712335
7 0.20903876
7.1 0.21095169
7.2 0.21283111
7.3 0.21474936
7.4 0.21664041
7.5 0.21853269
7.6 0.22039763
7.7 0.22228266
7.8 0.2241553
7.9 0.22604462
8 0.22789492
8.1 0.22976723
8.2 0.23161882
8.3 0.23344101
8.4 0.2352726
8.5 0.23713846
8.6 0.23895244
8.7 0.24077558
8.8 0.24258359
8.9 0.24439832
9 0.24619756
9.1 0.24800581
9.2 0.24979475
9.3 0.2515708
9.4 0.25333473
9.5 0.25510843
9.6 0.2568555
9.7 0.2586247
9.8 0.26034545
9.9 0.26208184
10 0.26381935
10.1 0.26554285
10.2 0.26722393
10.3 0.26895208
10.4 0.27063296
10.5 0.27230825
10.6 0.2739974
10.7 0.27567193
10.8 0.27731487
10.9 0.27897933
11 0.28061227
11.1 0.28225408
11.2 0.28388143
11.3 0.28549819
11.4 0.28710678
11.5 0.28873052
11.6 0.29031351
11.7 0.29189676
11.8 0.29348719
11.9 0.29506274
12 0.29663713
12.1 0.29820176
12.2 0.29974479
12.3 0.30130258
12.4 0.30283559
12.5 0.3043635
12.6 0.3058764
12.7 0.30741697
12.8 0.30891643
12.9 0.31043175
13 0.31192375
13.1 0.31342179
13.2 0.31490088
13.3 0.31638003
13.4 0.31785951
13.5 0.31932202
13.6 0.32078872
13.7 0.322256
13.8 0.32370572
13.9 0.32515201
14 0.32658942
14.1 0.32802252
14.2 0.32946435
14.3 0.33088339
14.4 0.33230282
14.5 0.33372499
14.6 0.33512576
14.7 0.3365393
14.8 0.33794568
14.9 0.33932004
15 0.34072355
15.1 0.34211979
15.2 0.34348177
15.3 0.34486058
15.4 0.34623227
15.5 0.34760847
15.6 0.34896702
15.7 0.35032629
15.8 0.35169268
15.9 0.35303696
16 0.35437583
16.1 0.35571699
16.2 0.35705589
16.3 0.35838461
16.4 0.3597058
16.5 0.36101125
16.6 0.36232583
16.7 0.3636387
16.8 0.36492792
16.9 0.36624916
17 0.36753165
17.1 0.36881366
17.2 0.37008617
17.3 0.37137927
17.4 0.37264678
17.5 0.37392012
17.6 0.37518501
17.7 0.37644872
17.8 0.37769164
17.9 0.37894254
18 0.38017658
18.1 0.38142366
18.2 0.38265991
18.3 0.38388706
18.4 0.38511557
18.5 0.38632471
18.6 0.38753783
18.7 0.38874279
18.8 0.38995025
18.9 0.39113821
19 0.39234713
19.1 0.3935336
19.2 0.39472101
19.3 0.3959001
19.4 0.39707771
19.5 0.39823738
19.6 0.39940899
19.7 0.40057829
19.8 0.40173154
19.9 0.40289013
20 0.40403927
20.1 0.40517972
20.2 0.40633053
20.3 0.40744954
20.4 0.40857589
20.5 0.40971425
20.6 0.4108324
20.7 0.411948
20.8 0.41306156
20.9 0.41415953
21 0.41526562
21.1 0.4163766
21.2 0.41746065
21.3 0.41855983
21.4 0.41964094
21.5 0.42072578
21.6 0.42178971
21.7 0.42286588
21.8 0.42393994
21.9 0.42500143
22 0.42606339
22.1 0.42711232
22.2 0.42816619
22.3 0.42922392
22.4 0.4302582
22.5 0.43129582
22.6 0.4323295
22.7 0.43336552
22.8 0.43438388
22.9 0.43541433
23 0.43643172
23.1 0.43744077
23.2 0.43845616
23.3 0.43947077
23.4 0.44046261
23.5 0.44147973
23.6 0.44246818
23.7 0.44346081
23.8 0.44444485
23.9 0.44543779
24 0.44642055
24.1 0.44739084
24.2 0.44836333
24.3 0.44933718
24.4 0.45030607
24.5 0.45126393
24.6 0.45223263
24.7 0.45318771
24.8 0.45413674
24.9 0.45508582
25 0.45603655
25.1 0.45697954
25.2 0.45790896
25.3 0.45885914
25.4 0.45979333
25.5 0.46072206
25.6 0.46165514
25.7 0.46257953
25.8 0.46349939
25.9 0.46442165
26 0.46533615
26.1 0.46625002
26.2 0.46716492
26.3 0.46807538
26.4 0.46897533
26.5 0.46988147
26.6 0.47077832
26.7 0.47167714
26.8 0.47257809
26.9 0.47348164
27 0.4743523
27.1 0.47525003
27.2 0.47611947
27.3 0.47700894
27.4 0.47789518
27.5 0.47877011
27.6 0.47964994
27.7 0.48053399
27.8 0.48139488
27.9 0.48226467
28 0.48312923
28.1 0.48400011
28.2 0.4848508
28.3 0.48572524
28.4 0.48657734
28.5 0.48743682
28.6 0.48828439
28.7 0.48912731
28.8 0.48997956
28.9 0.4908288
29 0.49167333
29.1 0.49250902
29.2 0.49334413
29.3 0.49417415
29.4 0.49500797
29.5 0.49583578
29.6 0.49667424
29.7 0.49748403
29.8 0.49829839
29.9 0.4991224
30 0.49994079
30.1 0.50075454
30.2 0.50157379
30.3 0.5023764
30.4 0.50317503
30.5 0.50398319
30.6 0.50477732
30.7 0.50559198
30.8 0.50637382
30.9 0.50717732
31 0.50796902
31.1 0.50875261
31.2 0.50953793
31.3 0.51032571
31.4 0.51110122
31.5 0.51188286
31.6 0.51267067
31.7 0.51343945
31.8 0.51420965
31.9 0.51498162
32 0.51574794
32.1 0.51651419
32.2 0.51727487
32.3 0.51803813
32.4 0.51879885
32.5 0.51955186
32.6 0.52030611
32.7 0.52106143
32.8 0.52180606
32.9 0.52256041
33 0.52329567
33.1 0.52404521
33.2 0.52478561
33.3 0.52551047
33.4 0.52625245
33.5 0.5269912
33.6 0.52771478
33.7 0.52845525
33.8 0.5291833
33.9 0.52990773
34 0.53063116
34.1 0.53134716
34.2 0.53206623
34.3 0.53278881
34.4 0.53348882
34.5 0.53420951
34.6 0.53492291
34.7 0.5356398
34.8 0.53633408
34.9 0.53704712
35 0.53774639
35.1 0.53843838
35.2 0.53914346
35.3 0.53984031
35.4 0.54053237
35.5 0.54122666
35.6 0.54191246
35.7 0.54259676
35.8 0.54329234
35.9 0.54396838
36 0.54465293
36.1 0.54533165
36.2 0.5460119
36.3 0.54669098
36.4 0.5473676
36.5 0.5480326
36.6 0.5487075
36.7 0.54937378
36.8 0.55004298
36.9 0.55070502
37 0.55136334
37.1 0.55202938
37.2 0.55268596
37.3 0.553342
37.4 0.55399418
37.5 0.55464915
37.6 0.55530276
37.7 0.55594462
37.8 0.55658898
37.9 0.55725306
38 0.55788148
38.1 0.5585312
38.2 0.55916712
38.3 0.55980452
38.4 0.56043903
38.5 0.56107791
38.6 0.56171138
38.7 0.56234254
38.8 0.56297007
38.9 0.56360624
39 0.56422424
39.1 0.56484944
39.2 0.5654701
39.3 0.56610225
39.4 0.56671614
39.5 0.5673324
39.6 0.56794278
39.7 0.56856254
39.8 0.56917541
39.9 0.56978335
40 0.57039326
40.1 0.57100841
40.2 0.57161428
40.3 0.57221412
40.4 0.57282392
40.5 0.57341852
40.6 0.57401889
40.7 0.57461769
40.8 0.57521277
40.9 0.5758188
41 0.57641319
41.1 0.57700021
41.2 0.57759256
41.3 0.57818249
41.4 0.57877279
41.5 0.57936246
41.6 0.5799426
41.7 0.58052648
41.8 0.58111008
41.9 0.58169129
42 0.58226547
42.1 0.58284795
42.2 0.58343253
42.3 0.5839948
42.4 0.58456926
42.5 0.58514262
42.6 0.58571767
42.7 0.58627622
42.8 0.5868497
42.9 0.58740903
43 0.58798303
43.1 0.58854286
43.2 0.58910088
43.3 0.58966595
43.4 0.59022208
43.5 0.59078045
43.6 0.59133499
43.7 0.59188455
43.8 0.59243305
43.9 0.59299377
44 0.59353378
44.1 0.59408136
44.2 0.59463362
44.3 0.5951806
44.4 0.59571955
44.5 0.59626628
44.6 0.59680187
44.7 0.59734644
44.8 0.59788397
44.9 0.59842506
45 0.59894576
45.1 0.59948413
45.2 0.6000187
45.3 0.6005539
45.4 0.60108186
45.5 0.60161201
45.6 0.60213349
45.7 0.60267016
45.8 0.6031844
45.9 0.60370707
46 0.60422994
46.1 0.60475248
46.2 0.60526186
46.3 0.60579064
46.4 0.60630237
46.5 0.60682505
46.6 0.60733473
46.7 0.60784704
46.8 0.60835489
46.9 0.6088652
47 0.60938071
47.1 0.60988485
47.2 0.61039333
47.3 0.61089727
47.4 0.61140238
47.5 0.61190651
47.6 0.61240362
47.7 0.61290515
47.8 0.61340542
47.9 0.61390007
48 0.61439964
48.1 0.61489235
48.2 0.61538616
48.3 0.61588079
48.4 0.61637574
48.5 0.61687151
48.6 0.61735476
48.7 0.61784809
48.8 0.61833103
48.9 0.61881775
49 0.6193025
49.1 0.61979321
49.2 0.62027303
49.3 0.6207573
49.4 0.62123963
49.5 0.62171914
49.6 0.62219788
49.7 0.62267724
49.8 0.62315363
49.9 0.62363613
50 0.6241107
50.1 0.62457937
50.2 0.6250543
50.3 0.62552955
50.4 0.62599137
50.5 0.62647145
50.6 0.62693973
50.7 0.62741123
50.8 0.62787923
50.9 0.62834241
51 0.62880532
51.1 0.62927867
51.2 0.62973971
51.3 0.63019649
51.4 0.63066441
51.5 0.63112802
51.6 0.63158469
51.7 0.63204559
51.8 0.63249979
51.9 0.63296211
52 0.63341205
52.1 0.63387117
52.2 0.63431973
52.3 0.63477899
52.4 0.63523193
52.5 0.63568237
52.6 0.63613438
52.7 0.63658251
52.8 0.637027
52.9 0.63747676
53 0.63792711
53.1 0.63837146
53.2 0.63881516
53.3 0.63925896
53.4 0.63969879
53.5 0.64014468
53.6 0.6405857
53.7 0.64102716
53.8 0.64147188
53.9 0.64189858
54 0.64233407
54.1 0.64277917
54.2 0.64321299
54.3 0.64364453
54.4 0.64407225
54.5 0.64450946
54.6 0.6449402
54.7 0.64537556
54.8 0.64580432
54.9 0.64623259
55 0.64665789
55.1 0.64709005
55.2 0.64751246
55.3 0.6479424
55.4 0.64836849
55.5 0.64879023
55.6 0.64921147
55.7 0.64963155
55.8 0.65005337
55.9 0.65047109
56 0.65089062
56.1 0.65130475
56.2 0.65172808
56.3 0.65214715
56.4 0.65255292
56.5 0.65297134
56.6 0.65338752
56.7 0.65378975
56.8 0.65421292
56.9 0.65462189
57 0.65503009
57.1 0.65544399
57.2 0.65584789
57.3 0.65625426
57.4 0.65666338
57.5 0.65706902
57.6 0.65747343
57.7 0.65787935
57.8 0.65828517
57.9 0.65868805
58 0.65909038
58.1 0.65948395
58.2 0.65988479
58.3 0.66028489
58.4 0.66068804
58.5 0.66107457
58.6 0.66147637
58.7 0.66187644
58.8 0.6622666
58.9 0.66266196
59 0.66305494
59.1 0.66345038
59.2 0.66384601
59.3 0.66423158
59.4 0.66461618
59.5 0.6650082
59.6 0.66539522
59.7 0.66578369
59.8 0.66616926
59.9 0.66655951
60 0.66694455
60.1 0.66732897
60.2 0.66770796
60.3 0.66809063
60.4 0.66847619
60.5 0.66884947
60.6 0.66923447
60.7 0.6696154
60.8 0.66999044
60.9 0.67036993
61 0.67074877
61.1 0.67112474
61.2 0.67149637
61.3 0.67187963
61.4 0.67225053
61.5 0.6726226
61.6 0.67298991
61.7 0.67336849
61.8 0.67373519
61.9 0.67411192
62 0.67447672
62.1 0.67484598
62.2 0.67520922
62.3 0.67557815
62.4 0.67594305
62.5 0.67631533
62.6 0.67667378
62.7 0.67703663
62.8 0.6773949
62.9 0.67776018
63 0.6781221
63.1 0.67848862
63.2 0.67884667
63.3 0.67920473
63.4 0.67956083
63.5 0.67992354
63.6 0.68027576
63.7 0.68063193
63.8 0.68099229
63.9 0.68134545
64 0.68169726
64.1 0.68205173
64.2 0.68240409
64.3 0.68276031
64.4 0.68310561
64.5 0.68345668
64.6 0.68380275
64.7 0.6841571
64.8 0.68450262
64.9 0.6848471
65 0.68519315
65.1 0.6855371
65.2 0.68588679
65.3 0.68623216
65.4 0.68657354
65.5 0.68691643
65.6 0.68725893
65.7 0.68759783
65.8 0.68793823
65.9 0.68828298
66 0.68861725
66.1 0.68896034
66.2 0.68929658
66.3 0.68963054
66.4 0.68996994
66.5 0.69030626
66.6 0.69062975
66.7 0.69097028
66.8 0.69130602
66.9 0.69163661
67 0.69196929
67.1 0.69230346
67.2 0.69262849
67.3 0.69296546
67.4 0.69328916
67.5 0.69361925
67.6 0.69394902
67.7 0.6942717
67.8 0.69460025
67.9 0.69492472
68 0.69524743
68.1 0.69557728
68.2 0.69589473
68.3 0.69622186
68.4 0.69653766
68.5 0.69686331
68.6 0.69718366
68.7 0.697501
68.8 0.69781773
68.9 0.69814041
69 0.69845319
69.1 0.6987779
69.2 0.69908792
69.3 0.6994058
69.4 0.69972513
69.5 0.7000391
69.6 0.70034458
69.7 0.70066452
69.8 0.70097795
69.9 0.70128595
70 0.70159683
70.1 0.70190701
70.2 0.70221322
70.3 0.70252201
70.4 0.70283119
70.5 0.70313599
70.6 0.70344575
70.7 0.70374905
70.8 0.70405623
70.9 0.70436
71 0.70466306
71.1 0.70496367
71.2 0.70526826
71.3 0.70556335
71.4 0.7058699
71.5 0.70617151
71.6 0.70647051
71.7 0.70676887
71.8 0.70706445
71.9 0.70736402
72 0.70765991
72.1 0.70795306
72.2 0.70824791
72.3 0.70854316
72.4 0.70883658
72.5 0.70913055
72.6 0.70942076
72.7 0.70971246
72.8 0.71000427
72.9 0.71028905
73 0.710582
73.1 0.71086891
73.2 0.71115745
73.3 0.71144396
73.4 0.71172956
73.5 0.71200913
73.6 0.71230215
73.7 0.71258702
73.8 0.71286715
73.9 0.71314911
74 0.71343204
74.1 0.71371044
74.2 0.71399341
74.3 0.71427067
74.4 0.71455082
74.5 0.71483332
74.6 0.71510718
74.7 0.71538162
74.8 0.71566011
74.9 0.7159355
75 0.71621448
75.1 0.71648669
75.2 0.71676316
75.3 0.71704012
75.4 0.71730662
75.5 0.7175802
75.6 0.71784775
75.7 0.71812491
75.8 0.71839908
75.9 0.71866113
76 0.71892815
76.1 0.7192037
76.2 0.71946774
76.3 0.71973531
76.4 0.7200041
76.5 0.72026682
76.6 0.72053738
76.7 0.72080287
76.8 0.72105982
76.9 0.72133105
77 0.72158965
77.1 0.72185334
77.2 0.72211702
77.3 0.72237526
77.4 0.72263313
77.5 0.72289973
77.6 0.723153
77.7 0.72341623
77.8 0.72367784
77.9 0.72393174
78 0.72418874
78.1 0.72444517
78.2 0.72470247
78.3 0.7249578
78.4 0.72521243
78.5 0.72546938
78.6 0.72572175
78.7 0.72597711
78.8 0.72623351
78.9 0.72648334
79 0.72673403
79.1 0.72699002
79.2 0.72723406
79.3 0.72748719
79.4 0.72773896
79.5 0.72798585
79.6 0.72823635
79.7 0.72848744
79.8 0.72873053
79.9 0.72898111
80 0.72922812
80.1 0.72947377
80.2 0.7297177
80.3 0.72996628
80.4 0.7302104
80.5 0.7304571
80.6 0.73069662
80.7 0.73094304
80.8 0.73118853
80.9 0.73143262
81 0.73166596
81.1 0.73191315
81.2 0.73215085
81.3 0.73239747
81.4 0.73263253
81.5 0.73287446
81.6 0.7331082
81.7 0.73335204
81.8 0.73359021
81.9 0.73382313
82 0.73406746
82.1 0.73430833
82.2 0.73454138
82.3 0.73478142
82.4 0.73501344
82.5 0.73524916
82.6 0.73548294
82.7 0.73572236
82.8 0.73594889
82.9 0.73618998
83 0.73642271
83.1 0.73665309
83.2 0.736883
83.3 0.73711766
83.4 0.73735011
83.5 0.73758317
83.6 0.73781116
83.7 0.73803989
83.8 0.73827211
83.9 0.73850138
84 0.73872781
84.1 0.73895967
84.2 0.73918876
84.3 0.73941775
84.4 0.7396462
84.5 0.73987132
84.6 0.74009669
84.7 0.74033013
84.8 0.74055121
84.9 0.74077992
85 0.74100526
85.1 0.74123085
85.2 0.741455
85.3 0.74167994
85.4 0.74190193
85.5 0.74212789
85.6 0.74235006
85.7 0.74257074
85.8 0.74279361
85.9 0.74302224
86 0.7432444
86.1 0.74346148
86.2 0.74368572
86.3 0.74390966
86.4 0.7441267
86.5 0.74434516
86.6 0.74456948
86.7 0.74478868
86.8 0.74500701
86.9 0.74522555
87 0.74544799
87.1 0.74566976
87.2 0.74588749
87.3 0.74610338
87.4 0.74632312
87.5 0.74654263
87.6 0.74675919
87.7 0.74697744
87.8 0.74719501
87.9 0.7474101
88 0.74762729
88.1 0.74784572
88.2 0.74806011
88.3 0.74827828
88.4 0.74849387
88.5 0.74871267
88.6 0.74892765
88.7 0.74914127
88.8 0.7493553
88.9 0.74957009
89 0.74978795
89.1 0.74999792
89.2 0.75021154
89.3 0.75042638
89.4 0.75064099
89.5 0.75085439
89.6 0.75106993
89.7 0.7512787
89.8 0.7514994
89.9 0.75171343
90 0.75191828
90.1 0.75213498
90.2 0.75235144
90.3 0.75256036
90.4 0.75277752
90.5 0.75299208
90.6 0.75320785
90.7 0.75342036
90.8 0.7536308
90.9 0.75384263
91 0.75406128
91.1 0.75427435
91.2 0.75448169
91.3 0.75469713
91.4 0.75491569
91.5 0.75512684
91.6 0.75533862
91.7 0.75555305
91.8 0.75576188
91.9 0.75597747
92 0.75618911
92.1 0.75640429
92.2 0.75661803
92.3 0.75683036
92.4 0.75703732
92.5 0.75725788
92.6 0.75747106
92.7 0.75768108
92.8 0.75789496
92.9 0.75810611
93 0.75831719
93.1 0.75853027
93.2 0.75874233
93.3 0.75894913
93.4 0.75916055
93.5 0.75936956
93.6 0.75958101
93.7 0.75979339
93.8 0.75999937
93.9 0.76021039
94 0.76042415
94.1 0.76062838
94.2 0.76083784
94.3 0.76104986
94.4 0.76125769
94.5 0.76146212
94.6 0.76167147
94.7 0.76188128
94.8 0.76208985
94.9 0.76229541
95 0.76250193
95.1 0.76270838
95.2 0.76291516
95.3 0.76312588
95.4 0.76332747
95.5 0.76353452
95.6 0.76374074
95.7 0.76394637
95.8 0.76414835
95.9 0.76435729
96 0.76456066
96.1 0.76476663
96.2 0.76496821
96.3 0.76517306
96.4 0.76537405
96.5 0.76558317
96.6 0.76578252
96.7 0.76598987
96.8 0.76619059
96.9 0.76639226
97 0.76659443
97.1 0.76679592
97.2 0.76699418
97.3 0.7671993
97.4 0.76740052
97.5 0.76759978
97.6 0.76780259
97.7 0.76800209
97.8 0.76820115
97.9 0.76840361
98 0.76860106
98.1 0.76880052
98.2 0.7690011
98.3 0.76920233
98.4 0.76939547
98.5 0.76959586
98.6 0.76979357
98.7 0.76999511
98.8 0.77018973
98.9 0.77039043
99 0.77058244
99.1 0.7707843
99.2 0.7709806
99.3 0.77117815
99.4 0.77137069
99.5 0.77157145
99.6 0.7717592
99.7 0.77195842
99.8 0.7721566
99.9 0.77234996
100 0.77254482
